N = 100
alpha = 1.5
beta = 1000
selfLoops = False
121 0 0.0925
121 1 0.0975
121 2 0.085
11 0 0.0975
11 1 0.0875
11 2 0.085
132 0 0.1
132 1 0.1025
132 2 0.0975
154 0 0.095
154 1 0.0825
154 2 0.0825
176 0 0.105
176 1 0.0975
176 2 0.095
55 0 0.105
55 1 0.1175
55 2 0.1075
110 0 0.1375
110 1 0.105
110 2 0.0975
198 0 0.1175
198 1 0.1325
198 2 0.115
77 0 0.0975
77 1 0.0975
77 2 0.095
143 0 0.12
143 1 0.1175
143 2 0.1175
44 0 0.1225
44 1 0.115
44 2 0.115
66 0 0.13
66 1 0.1275
66 2 0.1375
111 0 0.0875
111 1 0.085
111 2 0.08
177 0 0.1275
177 1 0.115
177 2 0.11
209 0 0.1675
209 1 0.1775
209 2 0.1775
220 0 0.115
220 1 0.1125
220 2 0.125
99 0 0.18
99 1 0.1475
99 2 0.155
187 0 0.155
187 1 0.135
187 2 0.15
0 0 0.1375
0 1 0.135
0 2 0.1375
56 0 0.0925
56 1 0.1
56 2 0.0925
165 0 0.1325
165 1 0.1225
165 2 0.13
67 0 0.1275
67 1 0.105
67 2 0.09
144 0 0.1175
144 1 0.1225
144 2 0.1125
12 0 0.1125
12 1 0.1175
12 2 0.1175
199 0 0.1425
199 1 0.14
199 2 0.14
231 0 0.12
231 1 0.115
231 2 0.1175
112 0 0.115
112 1 0.09
112 2 0.0825
45 0 0.1275
45 1 0.14
45 2 0.14
78 0 0.095
78 1 0.1
78 2 0.095
100 0 0.0825
100 1 0.085
100 2 0.0775
221 0 0.0975
221 1 0.09
221 2 0.085
22 0 0.1125
22 1 0.125
22 2 0.1175
188 0 0.1
188 1 0.095
188 2 0.0925
57 0 0.085
57 1 0.085
57 2 0.0825
133 0 0.11
133 1 0.1175
133 2 0.1175
210 0 0.12
210 1 0.14
210 2 0.1175
68 0 0.09
68 1 0.09
68 2 0.0925
88 0 0.1525
88 1 0.1125
88 2 0.1125
200 0 0.0925
200 1 0.1025
200 2 0.09
155 0 0.1075
155 1 0.1075
155 2 0.1125
33 0 0.1875
33 1 0.225
33 2 0.235
166 0 0.1725
166 1 0.12
166 2 0.1225
46 0 0.0975
46 1 0.0925
46 2 0.0875
13 0 0.145
13 1 0.1225
13 2 0.1175
23 0 0.0875
23 1 0.085
23 2 0.085
232 0 0.145
232 1 0.145
232 2 0.1475
178 0 0.115
178 1 0.11
178 2 0.115
113 0 0.1825
113 1 0.185
113 2 0.1375
69 0 0.1
69 1 0.1425
69 2 0.1
47 0 0.1025
47 1 0.1
47 2 0.1
14 0 0.1
14 1 0.105
14 2 0.0975
167 0 0.11
167 1 0.105
167 2 0.11
122 0 0.1725
122 1 0.14
122 2 0.155
189 0 0.135
189 1 0.1425
189 2 0.155
34 0 0.1175
34 1 0.125
34 2 0.1225
201 0 0.1775
201 1 0.1725
201 2 0.1275
89 0 0.11
89 1 0.115
89 2 0.115
145 0 0.1775
145 1 0.18
145 2 0.1325
179 0 0.085
179 1 0.0875
179 2 0.085
222 0 0.1325
222 1 0.1325
222 2 0.14
24 0 0.1575
24 1 0.1275
24 2 0.1175
1 0 0.1325
1 1 0.13
1 2 0.14
156 0 0.115
156 1 0.115
156 2 0.1225
79 0 0.135
79 1 0.145
79 2 0.155
48 0 0.095
48 1 0.095
48 2 0.0925
134 0 0.165
134 1 0.1775
134 2 0.1875
58 0 0.095
58 1 0.0925
58 2 0.1
202 0 0.0825
202 1 0.0875
202 2 0.08
114 0 0.1275
114 1 0.15
114 2 0.1325
15 0 0.1175
15 1 0.0925
15 2 0.09
168 0 0.1075
168 1 0.1075
168 2 0.105
90 0 0.095
90 1 0.0975
90 2 0.09
146 0 0.1175
146 1 0.105
146 2 0.1025
2 0 0.0825
2 1 0.08
2 2 0.0725
35 0 0.0975
35 1 0.095
35 2 0.0925
157 0 0.09
157 1 0.115
157 2 0.08
211 0 0.155
211 1 0.2025
211 2 0.2
223 0 0.1
223 1 0.1025
223 2 0.1025
190 0 0.1725
190 1 0.1825
190 2 0.145
16 0 0.085
16 1 0.0875
16 2 0.08
25 0 0.1
25 1 0.105
25 2 0.1025
101 0 0.105
101 1 0.11
101 2 0.1075
59 0 0.1125
59 1 0.105
59 2 0.1075
169 0 0.1325
169 1 0.105
169 2 0.1025
135 0 0.1275
135 1 0.1275
135 2 0.1325
3 0 0.1375
3 1 0.12
3 2 0.0975
123 0 0.155
123 1 0.1675
123 2 0.1575
212 0 0.105
212 1 0.115
212 2 0.0825
233 0 0.12
233 1 0.1225
233 2 0.19
17 0 0.1175
17 1 0.0925
17 2 0.0825
203 0 0.1325
203 1 0.1275
203 2 0.1475
49 0 0.105
49 1 0.11
49 2 0.115

